18
10349
10347
43
81
95
100
170692
104
111
132
23394
135
140
154
158
2334
27125
116987
84871
392636
186
54806
10142
220
7915
241
270
275
287
288
29123
56899
301
8905
321
324
51107
351
367
89839
55843
83478
115703
23229
57492
9915
170302
55870
438
445
23245
80816
10533
57194
491
26033
546
6314
26053
551
552
10458
585
8537
10295
53335
596
627
274
57448
673
675
9044
9256
56946
113246
145645
205428
721
765
773
774
775
776
778
8913
8912
8911
55799
783
23705
253559
93664
814
23271
23261
147968
4076
113201
875
54862
92558
440193
10575
952
960
83692
9578
1008
1009
64405
1006
1007
6792
1027
27443
56853
60677
80184
95681
84952
1106
55636
57680
1120
1131
1139
1142
23563
10518
2055
9746
8218
80790
1268
1269
5067
152330
53942
27255
26047
79937
85445
129684
1387
64478
1453
10664
29119
1499
1501
83992
8452
9820
1524
2833
23191
1584
1600
747
1612
27071
84516
54165
1641
1644
1663
1654
168400
10522
9681
8525
1717
81624
23181
27185
1739
1742
9229
9228
58512
1745
1746
1750
1756
1760
23312
196385
131118
92737
10059
1788
1793
55619
9732
22845
57628
1803
1804
1806
1812
1813
1814
1826
667
56940
143241
84332
1859
1917
23167
1959
79813
1977
1979
1995
26610
2009
2020
2033
57634
26122
285220
2048
2051
2059
55914
2066
2078
2099
2100
2103
2109
11336
10640
54536
23233
2131
2162
2170
2171
2173
51059
339145
22909
2195
2200
201456
254170
51725
2241
55079
2243
2245
143282
2272
2321
2332
2346
2290
27086
93986
2444
9758
2554
2556
2557
2560
2562
55879
2571
4616
114805
79623
8139
2596
2620
2628
9615
64599
26058
148979
2739
2742
9630
2778
54584
10082
2820
10243
124274
2861
54329
2876
2894
2895
392862
2898
2899
2900
2901
2902
2903
2904
23426
2911
2914
2915
2917
2918
2925
2932
2934
2944
2969
2977
3054
348980
9759
10013
57520
220296
8924
3105
3123
3150
3188
9456
3198
3211
3265
222537
3290
3351
3356
3359
170572
3363
10075
54768
3382
3603
7850
11141
26280
3608
83943
10207
3628
26512
23096
64207
3676
3690
3695
152789
3720
221037
23189
8850
7994
83473
3751
3766
3768
3772
3759
3778
3785
3786
57582
253980
10765
8242
23135
202559
57691
340533
23303
3800
84623
3815
64837
8564
4297
58508
55904
11133
11103
284217
3912
10319
3952
64130
4010
4023
145581
4036
55805
10128
55227
57554
8216
84445
140733
9500
54551
4118
4128
4129
4133
5594
6300
5595
23542
4139
4152
53615
8930
55777
114785
4160
4163
79648
161357
4204
9968
23389
4208
4233
83552
57534
57496
4335
55034
51678
4478
4481
4520
4524
2475
4548
10651
4622
23026
4640
4650
??58529
23040
80155
254827
26960
10787
344148
57701
56160
4698
4747
4745
4756
4763
4774
22981
123606
81614
25836
22871
57555
54413
57502
22829
4842
9722
4843
4862
4306
4897
3084
8828
9378
9379
9369
64324
22854
4914
4916
9891
55998
30010
284451
8473
4983
4988
26188
26245
119772
5013
5021
5025
5026
8974
5048
5053
117583
5071
5079
5080
57575
65217
57526
5100
5101
56147
56139
56138
56137
56136
56146
56145
56144
56143
56142
56141
56140
9752
56135
56134
56105
5137
5141
5142
57595
55825
5187
5191
5253
23133
57661
5294
5296
54984
5307
5329
23236
5333
5350
91584
23126
55624
5444
25913
8500
84152
89801
5528
57580
144165
166336
5579
5587
5625
339501
158471
23362
5716
139411
5728
5733
5743
5754
5781
5787
5788
11122
5816
7837
149628
26056
401409
116442
339122
10743
64901
11069
51655
83593
9821
54715
54439
9939
27303
221035
5649
473
64326
6000
158800
22999
9783
51132
84282
10921
6091
6092
6095
6134
54913
6196
6197
10055
23314
6305
152579
6323
6326
6329
6331
6332
6334
6383
221935
9037
5054
26040
29072
55209
9869
83852
26470
6448
27352
30011
50944
22941
85358
150094
57468
9123
9194
6505
6506
55356
25769
8604
9016
29957
9481
10999
222962
64924
23443
124565
201266
57282
6529
6531
6532
6535
84889
10479
285195
28234
6586
26050
6595
6601
23293
6616
27044
6638
54221
57231
399979
6647
6660
6683
6716
84530
23145
7982
8128
27347
6804
6812
134957
55359
8801
51111
94056
6853
6854
8224
23345
8831
51760
84258
9013
138474
93594
9779
51256
6907
79718
10716
6899
6942
6925
6934
6999
7014
54790
7053
7054
199745
7057
7067
11011
79853
79583
55217
79155
63923
23112
9804
7150
8940
121278
7173
51592
7204
9320
7225
4308
7248
7249
7247
7102
80185
7273
114791
7299
55236
7328
7337
89910
9690
84993
51366
55148
51733
26019
65109
85015
7874
8287
7402
22846
7429
7432
7436
157680
11326
51322
23001
56964
65267
7471
7472
165904
7508
7514
55689
64848
7531
7704
26137
10771
7566
151126
55628
58499
340385
84527
349075
342132
7554
91752
152485
57643